[gd_scene load_steps=4 format=3 uid="uid://5rvnlw23nw6j"]

[ext_resource type="PackedScene" uid="uid://cq782j5ij1omx" path="res://miku/miku.tscn" id="1_0xm2m"]
[ext_resource type="Script" uid="uid://bmdek12wyn81h" path="res://main.gd" id="1_h2yge"]
[ext_resource type="PackedScene" uid="uid://djxe2jag1wuss" path="res://house/bedroom.tscn" id="2_h2yge"]

[node name="Root" type="Node3D"]
script = ExtResource("1_h2yge")

[node name="House" type="Node3D" parent="."]

[node name="Bedroom" parent="House" instance=ExtResource("2_h2yge")]
transform = Transform3D(0.7020431, -0.36065638, 0.61405426, 0.013481743, 0.8688491, 0.49489313, -0.71200687, -0.33915773, 0.61483175, -0.1868552, 0, -0.18584007)

[node name="Camera3D" type="Camera3D" parent="."]
transform = Transform3D(0.7207927, -0.50463, 0.47519088, -5.1809344e-08, 0.68555206, 0.7280236, -0.69315064, -0.5247541, 0.49414095, 0.8507501, 1.2213092, 0.8484669)

[node name="DirectionalLight3D" type="DirectionalLight3D" parent="."]
transform = Transform3D(-0.838043, -0.396821, 0.374456, 0, 0.686314, 0.727306, -0.545605, 0.609513, -0.57516, 0.653815, 2.31337, -1.52527)

[node name="Sketchfab_Scene" parent="." instance=ExtResource("1_0xm2m")]
transform = Transform3D(0.72189313, 0, 0.69200456, 0, 1, 0, -0.69200456, 0, 0.72189313, -1.0506566, -0.37245858, -1.1772112)
